0.0790274596299716
0.004817557735238173
-0.13027826259880668
0.029399058274212637
-0.006389883261883972
-0.029386795952345716
-0.0647846690573851
-0.12188651478578219
0.11240613314190324
-0.01964776108884057
0.0942511113029658
-0.044940090372866795
-0.06640101717407207
-0.21494966093020232
0.0734537266731108
0.02485324624180377
0.1828288074911918
-0.07604190415137904
-6.46238638247313E-4
-0.16988434517207113
0.18316964774377023
0.1683761592733872
0.03763346774646485
-0.06345321061265237
-0.04728332549051266
-0.07878662608007968
-0.022874698245127417
0.13738322905844289
-0.015470671018711139
0.13740703606222046
-0.02615045824303848
-0.01875065104666629
0.10249828527707099
0.05257332884477024
0.0349275045032362
0.023489335931543225
-0.06126163522576637
-0.09197971733206564
-0.2284806237622665
-0.289810519858812
0.024289093648889162
-0.01866712000396312
0.19942982554425046
0.04578998508976594
0.08865585637133279
0.26163877842974426
0.10480152730243088
-0.16192027306135814
0.037067268103009
-0.043699549872608275
0.019673220805373946
-0.17305157974626162
0.193934277853182
-0.03348212316796995
0.0021661423114841226
0.0544723190928178
0.013091299883409138
0.08387777878752231
0.06663288093542306
0.034049047366821954
0.08404261084239437
-0.23754415119527053
-0.4119796508653744
-0.08580909469924447
0.0876051389405924
0.23086700449698186
-0.086184148879151
0.10023126832896141
0.026889324303279737
0.12159431680849445
-0.007371649239133272
-0.012165780970848642
0.11599001853296403
0.10640372778055202
0.30544226416839787
0.005394860971277561
0.049254457068276296
-0.09760180417786316
0.056412960129582655
0.12086058746482302
-0.02112535171351971
0.05765724056846492
-0.05968989062704366
0.0805972790000526
-0.004257826530296862
-0.01460081660245377
-0.056037413359583385
-0.03668222225854252
0.12172674469857828
-0.05605494183704578
-0.12384772061979896
0.23501612858120116
0.12145704043906115
-0.07670943685062002
0.023632078525182933
0.049516332237784115
-0.04730420401611035
0.18152754511629549
-0.07391418538592157
0.023498928442214947
-0.010621402384888911
0.0017531109913305146
0.06263412748901488
0.060761647439604785
0.03394899849357513
0.03902236076369646
0.013023293115111674
0.0425424755119286
-0.031245203482782126
-0.04974320615679804
0.11293945902229942
0.08810027203434895
0.28368957819017215
0.05053276294199786
-0.03723498347149012
0.03862369280364964
0.01998392835324631
0.05034948639113082
-0.007925758960786965
0.19387584194353857
0.2746446547557562
-0.15442644073699774
0.06311553921386212
0.0824356457414363
-0.025094304926409308
0.04774075104379955
-0.18372802152141685
-0.16584930690202915
0.0322393377440995
0.07690177022605335
0.4985140581002609
0.006842274233169402
0.030386705133639957
0.12472656568328858
0.08245403788665702
0.00712464712114207
-0.13284829903152992
0.03929733985759251
-0.22303491730707894
-0.11929736105656558
0.05794323760460258
-0.08679853223424842
0.10221304706387249
0.08580950047055909
0.3449254506343117
0.08744820443604695
-0.012853996035672239
0.014045217378990393
0.05816761738737138
0.03461211985823556
0.028486504937552608
0.07921517088979599
0.11796473306133587
-0.025914876923792962
0.03930157467763382
0.24462108853956852
-0.03716454045023869
0.12496876406909917
0.09753367167598166
-0.025447045687336647
-0.06988168164550064
0.11249746558457496
-0.06840331594770362
-0.10575354064622235
-0.026232890992094925
-0.07705312747032729
0.08083703260824547
-0.23545607619543465
0.14733782555073893
-0.03987023535815822
0.11779659149038309
-0.29028115825469863
-0.13188689226023476
0.09749116560898909
-0.120926951856787
-0.06319911011847829
-0.023166082521414298
0.04783166084751011
0.0056489080341453266
0.05319751421068535
0.06394376424563768
0.12392301983802827
0.393084386277318
0.12039500056400042
-0.018847160782267107
0.082056449170858
0.19800270510809403
-0.0039235214266729115
0.17721706283829777
-0.16634106523753342
-0.11842667367134813
0.07216788199999277
0.003698906248626212
0.13439696724437766
-0.03948879923415855
0.3318619063093108
0.011030623139422359
0.06782344880791286
-0.13331629055278343
-0.036985256793512895
0.2353001108757591
0.1661493800781369
-0.13927277615712663
0.08230127956176274
-0.006065857864879337
-0.1342422179191149
-0.07005301603494445
0.07069035484952092
0.09028838574848745
0.045984774213452935
0.3549130859939806
-0.06630253185165072
-0.1690718825266389
-0.14522973769270733
0.02186985820454855
0.08513615297932872
-0.2795743950975591
-0.11156048591110568
0.07752875851358994
0.17554652608943935
0.01762892943441545
0.14654585975802575
-0.09955176547555078
0.12995752326136378
-0.018425887402692603
-0.2635574476350795
0.004203913998294868
0.13385191513942668
0.25934135808402203
0.09622382229256905
-0.11170619881650122
3.335450822203058E-4
-0.19465688075388474
0.1099957104964538
-0.03732333400841562
-0.026856537892295675
-0.03685515635920059
0.0407495109352352
-0.11728356169499249
-0.06918678598596525
0.06599179359626899
0.008347519040737647
-0.00268179061743552
-0.0348116554418309
0.019839516687917724
0.08778677304393119
-0.06349950189508767
-0.21760678303786796
0.10674516807581087
-0.07134238785407405
-0.013668506036952981
-0.02383368032501016
0.1337026410984461
-0.014089187416937727
-0.10955680932997026
-0.006769272204276124
0.02792164050029611
-0.006817341384917026
-0.049010969912544056
0.05127906514904361
-0.35799845120299023
-0.08999425885395011
0.07939957476586194
-0.030233777456667117
-0.025393513231847513
-0.04867458970192284
-0.2512405984352006
-0.01645397117147066
-0.05233132330068048
0.059562002790616624
-0.06873300000398727
0.014944751898396984
-0.1902199101599734
0.1300243074931608
0.08974671125309766
0.10195719188268572
0.32914506518555575
0.0828620380602767
-0.1826545493569493
-0.05524032881883882
0.09333755811639582
0.029444192249191183
0.19780168069309856
0.07235690730545846
0.0352095757687913
-0.08300070182956382
0.07662029578774406
0.20293541886958308
0.012351549705111486
0.02399924499741235
-0.21198862027774293
-0.14126576988625905
0.4038913200692555
0.34910080067986626
-0.08937684851289311
0.05976258667947735
-0.022188134189742057
0.2691453920189411
0.0858132945894207
0.15605108046827404
-0.031213286952527893
0.017546460550292034
0.019356887422045478
-0.06283004602229093
-0.0596969961408886
-9.73413410913545E-4
-0.04153576922112144
-0.03865350865893774
0.16618345713862545
-0.06662320078953944
-0.05778364104641699
0.03320013692248065
-0.04872169623344809
-0.11434726653035394
0.43558402468463103
-0.012086095546118267
0.10536422803803731
-0.0062032991735754325
0.04674171720682923
0.5145433475616846
0.02476713777217277
-0.057091773243123624
-0.07038786302766793
-0.012222174889721002
-0.022778964137389404
0.13363490341264453
-0.023935791443353116
0.43074423927158445
-0.2384204428561643
-0.12451603231490584
-0.39455288094557467
0.043227550058122496
0.07371303678546308
0.0359837690741282
0.10358499473610155
-0.15435650178006288
-0.031067135650370305
-0.03937125046457527
0.15391036814987372
-0.08552628279409741
0.28491935564985527
0.07668618432577075
0.1580062164518408
0.0044763583764861874
-0.04921820442663142
0.08843266833756246
0.022970409937451412
-0.07832552193101357
0.41832508015401554
0.3321523453750669
-0.08067858773360835
0.07770411817764068
-0.0579340446037767
0.03095295604126847
-0.010384161513350887
0.06123562450644408
0.05923028566196737
0.11276676202407594
0.035323237843672625
-0.08049668772183051
0.168560411337755
0.12573458796999526
0.046426946925021764
0.25793235715358204
0.10920515886374521
-0.14564707383443698
0.07147624270178413
0.07747106090705087
-0.07546764333785065
0.07928685514779557
-0.09459158293685106
-0.056833906824226614
0.08216831207980455
-0.05792741235785334
-0.08271138199096696
0.0348779418484588
-0.03756077581356993
-0.012444005048860105
0.06728920093830919
-0.0883869167882863
0.049760006740831315
0.0457982270160148
0.10890883907063274
-0.0866017508725501
0.18578334041584585
-0.04205049664579864
0.5318917078483728
0.00822290224497679
0.22555470333192187
0.04814050257741192
0.12078676933970077
-0.14496064094997815
-0.06804767001100906
0.09349840641648373
0.07213835851361254
0.35413664891498786
0.14214680100710217
0.11392181551172824
0.13206993950773646
-0.07506910529082793
-0.04494807151585864
0.03421236744115815
-9.43518360036919E-4
0.01611157227149931
-0.09951416749429715
0.20530900588781975
-0.06264710532926826
0.3703491970294615
-0.08709463278355035
0.07076455507005007
-0.02294996003588242
0.19446328605177077
0.054012108109893986
0.07770560042712027
0.17837228838635955
0.054595743882491124
0.14149516770301745
0.13445097973800513
-0.0706799339353039
-0.10672228065827372
0.061210607193295755
-0.09856914328822756
-0.16951683149864968
0.20043421733131628
0.06666320587795155
-0.2164464538016578
0.10923714111044629
0.023918741876775517
0.1613274696309694
-0.22822756222648904
-0.035404634145650433
-0.03633822987235317
0.08631351091917241
0.45836324431866543
-0.056351584153346
0.07840960805093446
-0.04749819248623242
0.06079336509775729
-0.07212064524925271
0.01036244313282036
0.037317421054907034
0.05528699538900604
0.23679857947024419
0.39061188300494243
0.07057883092205225
0.13305984675691687
0.14098758382166351
0.039961150392113926
-0.017546793797422525
-0.023573237496661178
1.7744073696004497E-4
0.012333691026747553
-0.090343584595352
0.08843088209699894
0.42767221635013475
0.0033560737985693055
-0.019730034679892546
0.0361589407867767
0.025450333790401035
-0.02188930671381212
0.1303757438197482
0.09648115433128979
-0.12755452190709285
0.04824751911649751
-0.03237538053138727
0.26505978647158945
-0.04810237509167728
0.017248444566347405
-0.06883228925924131
0.1669172158604374
0.0709931232027627
0.06665090931776302
-0.20360063040339568
-0.09415319025338176
0.07189519869152249
-0.012713028812573017
0.18872030826879407
0.1194802377258429
0.016262350810998107
-0.00358632460518066
0.29580320560190954
0.15397884226751818
-0.22143637842024944
0.5252279694151856
-0.07348275142987548
-0.011793257521979437
0.09466585458977032
0.002704802445362294
-0.04649582584115929
-0.279637479121958
-0.11662260856696956
-0.0525118500642034
0.07621612303846208
0.025140010105790624
-0.09758240328838563
0.03879313874711195
0.030726110294379914
-0.11878367151460845
-0.011872665781505599
-0.007683587648021664
