0.08725243622640029
-0.07825643371384483
-0.05802481842916663
-0.04318713358526617
-0.08190921908752724
0.09707915283427199
-0.06524976911404842
0.05484665132502995
-0.04222727880591673
0.0580647006678393
0.043645000498653025
-0.035137341878521036
-0.04435625366553898
-0.1857747090682227
0.005398672677087067
0.21203501462915117
0.06658911515052984
0.24712468176025
-0.017628921325996215
0.013653605603400554
-0.1555844521124365
0.015821746596802765
-0.023601576163142582
0.019667944698460973
0.03617439466086025
0.0578739237859065
-0.031031769811221438
0.04345854899983161
0.014154312346930733
-0.1263797515812273
-0.10038232837437402
0.07969483890574251
-0.15395195559919964
-0.0856522793896217
-0.15395253022504715
-0.11524792320061811
0.0059605670930155475
0.0644448806864104
0.18175748650319043
-0.017026223292993088
-0.06440791028842115
0.029998872120401032
-0.12356567336292576
-0.07582626894354919
-0.06563695630502263
0.06634673976241216
-0.09548980346778538
-0.19871716872484033
0.009275971950316379
-0.13738658732066575
0.014636928702297864
-0.009557259691847786
-0.03076589449252135
0.11895536713409995
0.06050549002483347
-0.01008867957536746
0.06290190690019686
0.072092696946121
-0.044024076468408856
0.04951842650692251
0.08941173619858908
-0.0661927081490319
-0.1688337643054064
-0.0631744892172945
0.09477184419657324
-0.0473082775370808
-0.20025893855291388
0.27316339160680997
-0.04332650730465224
-0.09898607417251384
-0.007663045720570604
0.14550820870118597
0.03856819722493132
-0.05832657024888856
-0.050153101876015994
-0.03628029582235785
0.0791237756913512
0.17631349684609826
0.08493795507891398
-0.11200202169340473
-0.024837428437627075
0.10049204199313887
-0.041177673628888085
-0.12524315498781682
-0.060198352703574695
0.04376081637220098
0.01890339293092993
0.04756224973256446
0.2440322487200961
0.026956697754357356
0.07790090340586901
0.28164345667775936
0.23466415402576637
0.014338335001151009
0.03747166525844302
0.11407800304847794
0.07128225260962583
-0.022304628150587927
0.09135751639895846
-0.002237491691725448
-0.04447387353965508
-0.07126404132533756
0.034130336776392926
0.04824172759349949
-0.1858101947888008
-0.0437916591533886
-0.0011578249999703739
0.30423028778316574
-0.10028982415048784
0.07655017462027387
-0.020415519854585968
0.15867466589616866
3.4849331638245155E-4
0.21810872386102695
-0.17328776104034674
0.10721550641134076
-0.017716892701537684
-0.02282742590077774
0.003648090979484992
-0.07876504997690306
-0.07750871479392776
0.07117972778193696
0.06983435624191352
0.10029648834877622
0.025693685852125045
0.10616976218639164
-0.006571949179987749
0.03538837124014872
-0.15620506048352212
0.005134340171171876
0.3513090847740833
-0.013261772389670782
0.10700178305387677
0.056564162947343954
0.15929692914110125
0.09708548398899794
-0.015050917663472697
0.032229220121759695
-0.04088720974147556
-0.026224506682385747
0.006642356498545338
-0.07997832968868825
-0.08909518430189597
0.06373690373560907
0.05458434804317476
0.06376869100729857
-0.11761238448456701
0.2785464523287837
0.019614795905368767
-0.018658356787569212
-0.030741936027734878
0.06340795035946233
0.3441221485849289
-0.07058029885848253
0.05578834541397322
0.011103087686452677
0.025217209961838058
0.029735028100082127
-0.018528397854516133
-0.03272166407171146
0.014859278099706375
-0.056149314306836
-0.04227992115938053
0.04076962250461317
-0.2202553488561359
-0.07947293691570184
0.12535501701416119
-0.06844472302292091
-0.11381312230165305
0.0668282111505655
-0.03857397563034511
0.10469874925754317
0.08985323533501023
-0.07598369110728986
0.005379160051937341
0.17351387507803112
-0.02109748779246009
-0.035283918063827795
0.12129823023328848
0.24128998888768716
0.07789856932913757
0.011009907909568298
0.1785201563143825
0.05280193862927471
-0.028820735374949044
0.05930431400481412
-0.026337263692974865
-0.035254062219017876
-0.2299031313960497
-0.09773022898338479
0.1377220197900286
-0.025293260125711543
-0.13960290311146709
0.15906827403346416
-0.09646906321837652
0.17673507780255204
-0.0055945866901716355
0.03417061181974675
0.06761953530231396
0.11539529502293415
0.3469217604415802
0.07760794341569986
0.08622074098941551
0.07209782938975606
-0.0012843246898704011
-0.15109814745561703
-0.19413665936897329
-0.11109897108592658
-0.029537493099753294
0.06867970598749144
-0.14223020299685482
-0.21289077878898358
-0.1677779537847349
0.05046897755421512
0.0624687290302741
0.11842135305591617
0.14583306875871951
0.3962916941089387
0.017571650336509644
0.09461935191119186
0.026129692587442258
-0.050722045893803
-0.013379206898356269
-0.03461287349557547
-0.18213210409759953
-0.07187913070148773
0.09664351638371778
0.2917686684287471
-0.08724463476900357
-0.010218003882452968
0.05118744875635999
0.025124711479010492
0.06725793327828887
0.0666512419873394
-0.04704934583609874
0.020415413938097177
0.06560016335119195
0.042652367273679236
0.05778914319045467
-0.01687839456204055
0.13719339970662112
0.09618163163813055
-0.023031686474713375
-0.006017140794381283
-0.15798051601824167
0.07731276974838755
0.026174608426592437
0.09881230158912721
0.03303676084288276
0.019158219913771996
-0.10898362151686794
0.06505312003984709
0.046443403325715615
0.109259335959374
-0.03464949058610094
-0.20050441189757662
0.01016882409932486
-0.12233138722052321
0.0021269210768263616
0.09018171072284215
-0.10047487256399158
3.22795359705286E-4
-0.1335375950792412
0.05783304170228639
-2.519874662556174E-4
0.006600149445031119
0.02594824312662157
0.026191467106240124
-0.15640133232770675
-0.05954762292667946
-0.020157212986560563
0.1284975233331312
0.06345703573359529
-0.12017669980016374
0.0426596147570577
0.1533297779192252
0.32738005735237213
0.03236235175570294
-0.09823526271708712
-0.08794495993721693
-0.031016441186055795
0.011533550082529891
0.45829722738097
0.04107524319796481
0.1298781829020098
-0.05262453254330402
-0.006820274731154485
0.011755604457595516
-0.022811557109907767
-0.17866287319940133
0.07282430309461961
-0.019734171217166363
-0.20296299475139654
0.11912057964129592
0.07345785651378443
0.06237225872005968
0.13358027928018323
0.18856030272954827
0.01753865587995392
0.02218509428656487
0.025853304405988695
-0.05046413196355835
0.008262716109540769
0.05525931918092572
0.30366037826849335
0.06440586128842592
0.12519013663276082
0.14778578194306935
0.08502109776814179
-0.16053478013343989
-0.09214154246073412
0.06969711917849879
0.018955537163456188
-0.0577074757952531
0.15884857259566795
0.006073202077749887
0.31810887358014334
-0.13430400941614928
0.02418822205799722
0.25695722743908517
0.029332687160611663
0.11183665860582519
0.02213364166102627
-0.1560648176410546
-0.0148412382939475
-0.004290185903694644
-0.014120758856878237
0.18273753040493507
0.09361457062333302
0.10008123707673638
-0.012584075229996543
0.07934266685214267
-0.05205097891553193
-0.12019938739231639
-0.08355683604092186
-0.023361613061192173
0.025644299983139593
0.09047304897084589
0.07446688204180693
-0.1961169599137414
0.520697466008971
0.0011233577668190162
0.005825334449236402
-0.05279614041657927
-0.03803544240111745
0.01377070039870108
0.002876792074060277
0.021851248431220563
0.3050377968743918
0.06669289308735261
0.17839193716975396
-0.03178337623880878
-0.02215517712146553
0.023580267231577128
-0.060724610026599485
-0.16389697360425873
0.04854233504554876
-0.14292357922490162
0.05807736176671725
-0.1563195997282767
0.09838766690983078
0.03690194125799856
-0.13778634096362158
0.2772497073585549
0.07075405163945768
-0.0515868207125508
0.02278821653784651
-0.04985406921870328
0.07339889537945504
-0.026569148588556173
-0.014838592122114727
0.020334025800183946
-0.010507150013022633
0.025014460225622554
0.002535057516734641
-0.03453341697195068
-0.11531867986453753
-0.07236616799555429
0.1269155966817925
0.01760676544850998
0.0419539482707843
-0.06254366156330811
0.208507226686803
-0.07407883489762943
0.08174696788430628
0.24416949411957684
0.06170814545294748
-0.0771467706448831
0.3441821263010639
0.15652062804134595
-0.013825002584221988
-0.030608473990565068
0.14796050628931956
-0.05415874307387238
0.18368242497873322
0.275842955347304
-0.02564602167159132
0.11066660778273948
-0.16445823476653923
-0.03417114501146026
0.09651954956296409
-0.07260872548990109
-0.06483422791375289
-0.002869390228306968
-0.09312809569028445
0.0068249338439475
0.08612140809586671
0.31370113153772117
0.17322076155331462
-0.03275337702115174
-0.07958867761669527
0.047126821231050386
0.03998177376258074
0.13321341375519546
-0.07290885497040642
-0.06228108974061391
0.11500949696799476
0.1711594964456966
-0.09575165807942031
0.0070785973898651305
0.04663842641111948
0.0033503436704706824
0.03670440657493619
0.13668200810304562
-0.15670880060087944
0.1212196037357468
0.0492964302759574
0.016616220064284752
-0.0175848566266038
0.07108191819918765
0.2551168758377917
1.7192189447608718E-4
-8.693495200615983E-4
0.15838179504448846
-0.04502759391890723
0.152928260015419
-0.04425052883662267
0.02694269852876202
-0.003198797984294299
-0.032403548308328894
0.03135214866535476
-0.10995362350012713
0.054251894593107114
0.30093604738627466
0.08570293622393563
-0.026364870517802962
0.014826941227431969
0.10442549789090622
0.02587390441879729
0.0419673087057737
-0.04236240309148392
0.04936969490075945
-0.033605791639732104
0.14087166888486363
0.20777740910018264
-0.06654079902207882
0.15630095817463496
0.1669793720724321
0.00497407308359171
-0.03201141265925828
-0.10211825610188557
0.24805486594047402
-0.05141295764227508
-0.023023958957373435
-0.1148485306368636
-0.23030738033245188
-0.10753172559816011
0.029463211965639852
-0.01848714784201736
-0.02787246987636753
0.008717568110880999
0.0843563877576937
-0.11848867836921767
-0.14266921172779892
0.04070044028808101
0.033365556870553086
0.29934248951832215
0.15357231353348025
-0.06394245835756299
-0.006674898630168688
-0.026940425431274517
0.017416512143433056
-0.021730530904162267
0.16964207761749625
-0.17119730159962798
-0.071820529811361
-0.0335110616355486
0.01690786439204853
0.05863197904046777
0.18225984461166914
0.003983986302222891
-0.07182168752605088
-0.058060352247859943
-0.05495916992641174
-0.04332597166995075
-0.06694263029537711
-0.09207668580386581
-0.020345356111584244
-0.09129810353369548
0.052769081817946824
